34.09918430687436,-118.10226999732869
34.10976270078547,-118.11857605415624
34.14303787327449,-118.00201273913122
34.12055267521433,-118.09516523917145
34.10897663659938,-118.14175407818821
34.084730959867784,-118.00879508640482
34.12917882261333,-118.17590429660474
34.08751744225254,-118.10401628332714
34.17835460015642,-118.00613220966514
34.19273255210021,-118.04488272238417
34.07668830376516,-118.19073513928547
34.15834500761653,-118.11646394661041
34.105778983950586,-118.02149451355376
34.11360891221879,-118.05750890045611
34.18511932765853,-118.0913407251721
34.01420721163958,-118.00419001385355
34.01742585994031,-118.08232310272275
34.00404367948806,-118.09789172708695
34.16652396910959,-118.04873557505624
34.15563135018997,-118.1177278000584
34.17400242964936,-118.15064802391844
34.195723668446554,-118.04716684482113
34.15983171284335,-118.124099980056
34.092295872450585,-118.12792444859275
34.15610583525729,-118.18970806022577
34.023654885173784,-118.15565523345929
34.12798420426551,-118.169669053958
34.02867065748181,-118.09808398168725
34.18893378340992,-118.03706971739588
34.10436966435002,-118.19916305859194
34.082932387998106,-118.02587115220774
34.05291112242092,-118.09429146387086
34.15484673788684,-118.01361861984842
34.09123006644331,-118.18877017147017
34.11368678977373,-118.19298498816968
34.00375796008727,-118.1438778124008
34.12352709941518,-118.06999856872604
34.12241914454449,-118.05087648022352
34.123386799374956,-118.0530606649074
34.188749615702925,-118.02545880508401
34.1363640598207,-118.10516179061534
34.071901580114755,-118.0283634551403
34.08740639075987,-118.06334613331069
34.13952623918546,-118.12534129519182
34.012045094325856,-118.14550872191815
34.133353343089134,-118.00485454092441
34.134127573923635,-118.08602319687535
34.04207651221477,-118.13042491896843
34.02578525953097,-118.1706491952317
34.06308567018484,-118.09506495644241
34.072742154188525,-118.19384117434355
34.11403935408358,-118.05312650950829
34.08772030269247,-118.00270174132534
34.19767476761185,-118.09675057294035
34.0204089621496,-118.051222759004
34.041775351218966,-118.16474353440464
34.032261903577,-118.04655453443623
34.13062166509308,-118.06212584365827
34.05065832050796,-118.15824548620382
34.09326215457126,-118.14302865040507
34.04888511840032,-118.11161024733146
34.03179391672911,-118.14098961238456
34.02207502823286,-118.08372737271401
34.13126591789305,-118.00106200952294
34.02763659026972,-118.00227102570244
34.03931647233601,-118.10224435751473
34.073745034132195,-118.0166581959438
34.16419864596959,-118.01021509603385
34.019420255158614,-118.1931033278275
34.16758898149976,-118.17180052793161
34.01921968157879,-118.03040544544191
34.19529189300268,-118.00013284371803
34.09373024032954,-118.18833355907796
34.19535221763807,-118.05566505966402
34.12096910394901,-118.0371795205711
34.147852715879665,-118.13830162156631
34.007837558450866,-118.02178074776826
34.056561392515285,-118.05292991960056
34.024039312242635,-118.19501893604242
34.05922803950443,-118.1278925548948
34.02374554379085,-118.1041355582965
34.063596635878795,-118.07958372296699
34.08285259890293,-118.15490019097685
34.012829499269756,-118.02819149530474
34.13849442387401,-118.1934675604074
34.113320290841315,-118.17222460161317
34.05307789818789,-118.12353139651385
34.10464961069334,-118.00858123808051
34.01878810215169,-118.14017112988955
34.115189299111236,-118.1826568681771
34.185859239515246,-118.10491541349573
34.06371379049027,-118.07084496436545
34.13348207599274,-118.0240554689959
34.02635957248088,-118.15098022082752
34.14326544082372,-118.17700437024236
34.05788121858944,-118.02005034881518
34.036638272401426,-118.15179691095047
34.11730258696202,-118.00341209725183
34.004021509237496,-118.19341098361545
34.165788005843474,-118.12301160412702
34.00093909523851,-118.11048781179832
34.13556330735925,-118.05918996671778
34.054001594638436,-118.18585833431396
34.14703880442452,-118.05318112546736
34.19243770902349,-118.16562932264334
34.04975062870399,-118.19702173586742
34.11523146688357,-118.15667932910296
34.11840838625437,-118.10379798407729
34.11445038115818,-118.01321485277033
34.04461632652812,-118.09448275783421
34.1905498023034,-118.08765118939434
34.089425075723526,-118.0405592082374
34.16928173449423,-118.08471752734286
34.1398958550635,-118.07155157681606
34.05948739017103,-118.03273685223033
34.1627595639405,-118.0882748286665
34.0793011481694,-118.0525599912649
34.17622063942223,-118.10441248413646
34.116254574527176,-118.00703201194324
34.17634707237097,-118.18124628395746
34.13850631801556,-118.16327286110398
34.14505085596393,-118.1105162665021
34.10026487638534,-118.17036171655145
34.191216726944646,-118.19247901476216
34.12879803984593,-118.02210445881053
34.08477100971164,-118.12616636168197
34.12127864282559,-118.19959880018713
34.003838639661865,-118.1975778338667
34.06031496333491,-118.12066459845815
34.13203470749854,-118.02560417409016
34.05801552144209,-118.1166385661981
34.12360308579977,-118.00041292711488
34.085753740189155,-118.03978226693337
34.02709481284449,-118.191224631912
34.05965646519121,-118.06608811452057
34.11399298214025,-118.12767802115539
34.118174552249634,-118.05617189892645
34.11486504976992,-118.18956437742231
34.13064016397143,-118.1457117459899
34.13042065400034,-118.06593023151629
34.0862836870868,-118.15835228423607
34.179309319170216,-118.02163310489527
34.07351237400958,-118.0784637880131
34.08717298505313,-118.04424362554632
34.17838467100314,-118.1367452894552
34.16123879780922,-118.02048925635438
34.14077771670807,-118.07940516645654
34.02004537746246,-118.05532994604184
34.18389652274894,-118.10126858386477
34.142848259909826,-118.06997953610077
34.199769401313574,-118.1412821155334
34.0298896609316,-118.00491540486139
34.17362521147365,-118.12679738426118
34.032498586935276,-118.04611425793877
34.12311191285677,-118.05374180575137
34.02476399656989,-118.1600511207167
34.16960164586445,-118.19111367879609
34.16146379174501,-118.06331004200541
34.11382014772292,-118.16536105407381
34.0814366594452,-118.02079816759425
34.01383339909103,-118.12679633060148
34.139485754628915,-118.15020645990698
34.090708536535615,-118.0311955856069
34.14441111989407,-118.08520047753392
34.17327646518573,-118.1785414328498
34.19510430100058,-118.02071569268968
34.17116066847853,-118.00361927164029
34.002342816837,-118.1181170758096
34.07199561289568,-118.08710630810619
34.14599811248481,-118.15973784977679
34.03432593545229,-118.18469110764083
34.10420732124083,-118.05983072890876
34.010867597667854,-118.07768082343382
34.03999930497928,-118.09725441726586
34.00370435889212,-118.11763029208706
34.15873954067148,-118.19677076593632
34.04478493761208,-118.139466050166
34.06907033613938,-118.07790970146911
34.18561625869312,-118.05275353729009
34.14088288038471,-118.18892514368443
34.006367785906264,-118.0271096866217
34.03293883129958,-118.14405317050095
34.12429568029995,-118.1850790050585
34.11544571772084,-118.13293311730689
34.0475785642749,-118.08461088803323
34.18684279958496,-118.0397981879851
34.12279319119318,-118.07349506445038
34.107126560604996,-118.14137436188403
34.11798199527092,-118.12990684483506
34.146024405903354,-118.18559523331967
34.06238899909592,-118.17337218273188
34.07964421244322,-118.16323015045327
34.041968749795025,-118.18229017507015
34.03723860117607,-118.05526743054742
34.18887447799679,-118.07390470802792
34.14791015900986,-118.07597878075721
34.098091761723516,-118.11209011774196
34.04548292559466,-118.13364364590855
34.05087129635408,-118.05734333660808
34.011605832064774,-118.00389249346186
34.08688332511163,-118.07984447673158
34.06235917639882,-118.06170559191088
34.13926869776309,-118.18843694380361
34.0755503678585,-118.1776530081088
34.03592073551193,-118.17206213566868
34.00493574567827,-118.13059995218904
34.01344992629265,-118.06885783293978
34.135878554699715,-118.10976985347986
34.09073936891121,-118.16304500814327
34.107315842221745,-118.01972207374456
34.17933425860807,-118.16021497605107
34.198067789479346,-118.00823595826563
34.04337939687969,-118.16328420624288
34.132615640620024,-118.16151276083198
34.052664475347434,-118.01020146176575
34.00413019989315,-118.12543214229237
34.15167573076723,-118.10049061486258
34.0640034301645,-118.03396390063435
34.07669277883438,-118.02967578753548
34.11766342271072,-118.1546518252134
34.16620969104724,-118.11353854976737
34.125796368718234,-118.1965998269833
34.17453013108948,-118.19644955545768
34.05470840696313,-118.19853339869286
34.15960936678251,-118.02372310367315
34.03712718886119,-118.18765122739279
34.19055833139439,-118.04891392180411
34.13749765527756,-118.09164245195173
34.043101535422714,-118.15148131116435
34.189474118097785,-118.04072418641545
34.14617116135403,-118.11326232111087
34.050788328519005,-118.0371633496452
34.0426623954735,-118.02094722133626
34.10364014278613,-118.02331172248591
34.005132543610905,-118.07152780696964
34.041494015088226,-118.00093096736744
34.084937093750305,-118.08497078424034
34.07483399606684,-118.13283942101623
34.092715084872964,-118.0803376370008
34.05552574125895,-118.01715892010397
34.11735686929163,-118.01253777240473
34.172771121184645,-118.05562330255297
34.023506371192404,-118.03386253810872
34.10347582143083,-118.1930189946436
34.02641362126903,-118.03024604499481
34.14337193623852,-118.161092487481
34.07921194056146,-118.11722158834823
34.1130842623717,-118.11385738399686
34.036655967242815,-118.10241614318475
34.02896955186868,-118.1943526152228
34.097611256129795,-118.07276895501833
34.07112254756999,-118.15758315019077
34.18808638905057,-118.11105882149339
34.1530650507614,-118.07912673352514
34.14973272397011,-118.19109318666116
34.18074394794919,-118.11966319387294
34.016684487088405,-118.02378338842921
34.11043849398448,-118.08350784019937
34.11689521379115,-118.15631634553633
34.19238727570945,-118.13874940464784
34.05842950535851,-118.18326806596731
34.04816575598309,-118.0518754768283
34.0200587884531,-118.15163874327077
34.00328592591829,-118.0919750414789
34.18590586335844,-118.11472194939337
34.13398330931818,-118.19100933620126
34.15703058240463,-118.19585726399784
34.05634602115079,-118.17231819278511
34.11728203323727,-118.07181941754607
34.0127910532242,-118.17754016714547
34.097125519186925,-118.12772183552829
34.19549902794889,-118.08599935609415
34.17530104906332,-118.0071485365001
34.06763179036737,-118.15402562483831
34.1923140309083,-118.10042111614483
34.04634032529424,-118.15723769989302
34.18986376448314,-118.14960455986865
34.188275540941305,-118.15871347360967
34.15984051747048,-118.06013023173935
34.12608958737336,-118.16015971981354
34.174857593324994,-118.10976926569323
34.05860405690156,-118.09466524008982
34.16978871106259,-118.13502518276415
34.1235753383835,-118.00427173658767
34.00264737155178,-118.02046336317751
34.06944670358644,-118.05843547303351
34.02962817218963,-118.19659802199158
34.19636587796365,-118.02794915577299
34.095674061408,-118.06611926015184
34.099478273099734,-118.01021061293838
34.12789450327975,-118.06625377605855
34.07371692122592,-118.06406525730216
34.02738005433712,-118.18936143418891
34.16442354663885,-118.16903081739915
34.037969582380555,-118.07655284384856
34.10226379650929,-118.00495381160785
34.04486340579495,-118.16620622279908
34.019568896898804,-118.1321072354289
34.17243830348434,-118.03047289673026
34.19458389780463,-118.19921425420203
34.192166931612604,-118.02004668748482
34.18131109984424,-118.17342290831874
34.15480946653973,-118.05885323282594
34.06662903040573,-118.08707069326503
34.0162202779976,-118.15909130535526
34.08144823428276,-118.13550167119881
34.04644682843419,-118.18757287488882
34.026497526951594,-118.12422806509208
34.01068543635736,-118.01956203229581
34.14511887284212,-118.1768720726484
34.002285491725004,-118.15383110499772
34.154116149700556,-118.14237409017866
34.029389329080075,-118.01074670947075
34.01590441651735,-118.07924454893235
34.017920606847724,-118.0334871638919
34.13440956147078,-118.16438078168157
34.04907344197057,-118.14010572456357
34.08410789333602,-118.17661551946382
34.111473758264786,-118.19331502138483
34.17211023476576,-118.1549495228385
34.14540885254227,-118.19884661664416
34.054065581047745,-118.12295397722886
34.026296559858224,-118.00742592077829
34.01107486408424,-118.00285030303006
34.06031972689619,-118.06842077504076
34.05242362984794,-118.16469434381351
34.091228113360096,-118.17322694126494
34.13665626710954,-118.19216250576454
34.13912508912777,-118.01302429370976
34.056703769316435,-118.00891422219753
34.075985391180026,-118.18265671927341
34.03623019234738,-118.06100933967258
34.157709102461304,-118.11159748012193
34.01136961528665,-118.19648897660015
34.139399448345,-118.08008970694719
34.15573907918822,-118.13317427966197
34.155481512369754,-118.0801759127264
34.05188451286907,-118.15363893289256
34.074762627586516,-118.10554294511458
34.11751992703928,-118.04750462759728
34.05456438048489,-118.05426122025169
34.07417055984358,-118.05161184250768
34.03941085603713,-118.1064640656517
34.0919711767512,-118.14063780320313
34.00892246025082,-118.18985598000863
34.15995917691413,-118.1388174750166
34.01539128939733,-118.15623856879247
34.10376702976631,-118.03378522317291
34.06136201990904,-118.07481252500146
34.11550858976628,-118.08275604397166
34.19188666816669,-118.1372760460001
34.1291140488912,-118.05917839527538
34.0070724871511,-118.06065838428394
34.08608048790161,-118.07117783092818
34.10200337046365,-118.16206041630865
34.10723549894069,-118.11551801800867
34.13627850212077,-118.01505545596655
34.055519219546355,-118.0156492199381
34.02577211309326,-118.0742573888565
34.07853513530942,-118.15331821012123
34.19128114455919,-118.13773668529574
34.03742617835017,-118.14159647093024
34.18079679098565,-118.15344201321082
34.108761190015464,-118.05743054257726
34.09138228432916,-118.10965125638842
34.17640828204598,-118.10867052806336
34.09172079235372,-118.147926500236
34.14483352732231,-118.19137411382113
34.07980506434062,-118.0555979889591
34.180808878580194,-118.15865633455141
34.13800500403825,-118.13199410970465
34.13992441085011,-118.1160475741727
34.065544080311426,-118.15497595586949
34.15135572854738,-118.18880649328563
34.12721221108943,-118.00733828357389
34.04800405467594,-118.02948002050265
34.03210776449705,-118.15125744630022
34.159278294903466,-118.01675827058202
34.191833320607046,-118.10322474014822
34.09162776545201,-118.04397215532832
34.11819683306474,-118.05485914076856
34.171544528838716,-118.14036809658889
34.09144469067077,-118.00603855465374
34.19037489536655,-118.17466388558039
34.11515023240898,-118.08889579107046
34.16415342414027,-118.10047865878143
34.181768743682554,-118.10800959273874
34.163104763753715,-118.1291088589159
34.031882892689794,-118.06897131732455
34.12577968781234,-118.0202214981127
34.079686851723935,-118.06367578733324
34.01254259040467,-118.03362842360457
34.08480645037797,-118.11122663589009
34.05173681337788,-118.06360572619208
34.1698076616857,-118.19161343559868
34.00666092530934,-118.19314685559605
34.1917965443727,-118.12402517611365
34.07107376969439,-118.12349945353346
34.07134137808051,-118.19707571291342
34.003265700536744,-118.17745663024704
34.03704646504724,-118.15301398983163
34.080251900160725,-118.06271812234854
34.18585828346055,-118.07310780562362
34.01992298604426,-118.04025335315217
34.18906030669582,-118.09742962538347
34.17389770610933,-118.19807370442791
34.09083247938151,-118.18243019060232
34.06534017635365,-118.02366988680389
34.046548825855815,-118.0050380578581
34.122892941295376,-118.17972753368166
34.0066149182951,-118.10743402558974
34.00312121288937,-118.04003797764169
34.08575914449965,-118.13473065391693
34.01361481479494,-118.12884463558596
34.05038819764922,-118.02441712136729
34.04423218306922,-118.05192004669952
34.05063823874457,-118.01201559286265
34.02621104624305,-118.04197209477402
34.00240724457953,-118.02646113497062
34.02309685942775,-118.0386472584949
34.12369605190255,-118.13709342918263
34.194851242563615,-118.00989994885221
34.19806900031218,-118.02037092304964
34.08181081907461,-118.02683472761566
34.03259088520932,-118.06330822419163
34.127752351473305,-118.0597500621704
34.09806106930975,-118.05101275706333
34.197881955456886,-118.15010733068648
34.01306084143036,-118.19960455755162
34.15664688766277,-118.10679558472576
34.0576796994663,-118.18884054358278
34.04828372401531,-118.07932202242522
34.13250091430654,-118.02133648936054
34.04921263699819,-118.08175476589396
34.13317182351184,-118.05922555468294
34.10346170344046,-118.09868139245783
34.08481779768717,-118.13140873538329
34.110937561732285,-118.09221004383048
34.05741030398393,-118.18703210241557
34.1413149412546,-118.17695296445987
34.08297137386671,-118.14039551903325
34.07210911209718,-118.09793698247292
34.16573138291115,-118.0263374563629
34.184993382390644,-118.07940273335552
34.00920146217746,-118.14088030788024
34.046525398565954,-118.05697710411074
34.06970387389851,-118.02079761550868
34.16299329587405,-118.18157969150212
34.19709828552866,-118.14181016196311
34.193794340934076,-118.12305528532703
34.18098966910999,-118.15849978112179
34.05931125301281,-118.1671292075167
34.198402248682896,-118.0966917996342
34.04988400821129,-118.17623765028189
34.021181230976445,-118.18328380214022
34.19019052221108,-118.05431021908495
34.04668405109362,-118.12150907195816
34.13795365301555,-118.10531680576409
34.01167127179612,-118.10758915583038
34.146141819825495,-118.18753261879291
34.17634404246677,-118.06103774053861
34.054487379093196,-118.19668679564691
34.07581137921549,-118.18042624296085
34.07485923666418,-118.09174457772271
34.149757651508025,-118.16349065272364
34.04756144850781,-118.15380939886403
34.03437061980953,-118.1355789939237
34.08985832973755,-118.06396677787663
34.06089368147546,-118.03929019836418
34.16783782445173,-118.13430553935315
34.04754836520313,-118.16859465928022
34.10047789149785,-118.00325055773547
34.18851671993959,-118.1285606750617
34.126799539548934,-118.08857460492445
34.173457881092496,-118.1796175510254
34.188041937870956,-118.06429458617085
34.15015297237727,-118.09483696245273
34.13991501204495,-118.10295342080704
34.19359311332085,-118.02808790427422
34.19888015792954,-118.14257846053978
34.09036433653395,-118.1660952690242
34.01417395563684,-118.01158185537925
34.058558806288104,-118.05827776410739
34.030470941137544,-118.00760893630701
34.08349727495921,-118.19130882093765
34.02625786569465,-118.13343376414076
34.120823560804176,-118.19284008389096
34.07656161183157,-118.10629885566627
34.179077176857646,-118.16041370477913
34.1935589343597,-118.07488279677595
34.109376980333884,-118.07076380651453
34.05496471397352,-118.07565356342103
34.11844608375237,-118.1315724267453
34.179352231644884,-118.07189063020434
34.081346669167154,-118.18007349032085
34.11041565533839,-118.19665497301003
34.05433055352123,-118.00608530306741
34.091088829890005,-118.0387246580805
34.08034270707592,-118.02244999851747
34.04968269301659,-118.0084728094183
34.10117327676506,-118.04554819866947
34.06207616519596,-118.08935866407381
34.07460697277615,-118.16739807305774
34.10499408845085,-118.044364806102
34.1501190045858,-118.09878905113244
34.066701493158256,-118.18592374788935
34.184831753324154,-118.13344294135733
34.172463709367186,-118.1596158039512
34.00973805919511,-118.1101987940371
34.050728504851364,-118.19609329176812
34.089227102531844,-118.1177324309363
34.02092557774849,-118.00910214279251
34.0696951978067,-118.03959655998796
34.148019505123536,-118.08095472579143
34.136102896228564,-118.12025543451476
34.1244768857132,-118.1543861734818
34.14210568054447,-118.08261722518078
34.04098473739194,-118.14201166100314
34.06833962297295,-118.15797390062183
34.135248496455496,-118.06345203945
34.17584695260627,-118.19585404800716
34.10873561076562,-118.12993129904717
34.05653993018911,-118.17619961215723
34.00604705160119,-118.11118753776172
34.142067365794844,-118.14832062143047
34.001576820701686,-118.15410881232327
34.074535813964204,-118.18164967584691
34.10610744291256,-118.03006995137427
34.18442229235344,-118.11165668483385
34.01789890900658,-118.08567570262117
34.081188464393655,-118.18463180423475
34.00486263994203,-118.0210189388498
34.06852219686832,-118.19651477773618
34.12444621176796,-118.17509026481866
34.05581358964572,-118.01476525631286
34.041949989931126,-118.0981932771081
34.02314064666542,-118.14351190004251
34.11542804880407,-118.14763030913821
34.13905400118094,-118.18129882504759
34.134391428119166,-118.15997308711647
34.189772204144106,-118.06218607606881
34.0005406427787,-118.0996869571725
34.12943933077881,-118.14035715258717
34.12007844741953,-118.02768736827286
34.11774792199406,-118.03879815952004
34.19255406396805,-118.09620848962197
34.00337433467401,-118.0596491597411
34.13929648614029,-118.17251184995682
34.16273572994037,-118.11725546430412
34.10196143932432,-118.06973303954368
34.06679297391936,-118.16976660512088
34.158168032645484,-118.16097568971085
34.01944858512648,-118.19967097541986
34.088407127545985,-118.16946153766675
34.10399047491417,-118.08289130696113
34.13879128218691,-118.025499776354
34.01817714640648,-118.1681281816401
34.04555190030757,-118.01195158359208
34.082060312538026,-118.07005424146897
34.12465893460403,-118.18394759615425
34.177392156243485,-118.19215329468902
34.12376523364828,-118.12811291870425
34.02669229418699,-118.13772966339674
34.19611602655746,-118.0084908977451
34.1743571469511,-118.10289606821792
34.10054415222907,-118.10937363576127
34.18446959635933,-118.06802014922482
34.10827615875143,-118.01371936695078
34.18466121357783,-118.04578151994488
34.16597947372067,-118.07159678737224
34.193657282058865,-118.08702839730327
34.183956562155636,-118.11818534510671
34.00720676348571,-118.14447830373965
34.03495440083219,-118.06352637465478
34.07782693542024,-118.0657907519838
34.190428539459084,-118.00393832854473
34.060005783895186,-118.00817497201881
34.03209352877752,-118.05156433886171
34.17726093321731,-118.14804899953499
34.08927888309664,-118.12566276607478
34.18157511887087,-118.15395780413557
34.03204609326403,-118.15378388724297
34.13222350230162,-118.17131349353386
34.0880527505659,-118.14406385319738
34.015297353806055,-118.19580218380017
34.139292628930505,-118.17976504386037
34.04947975110783,-118.11734343324464
34.0079231045159,-118.11763153409824
34.01198885964992,-118.00685340807044
34.01221570741336,-118.19970531554168
34.18154659149701,-118.02631519947323
34.147976783565824,-118.14806943932632
34.17961247144275,-118.16420303902487
34.134516462259306,-118.07461090586104
34.10578798580618,-118.03937041093306
34.060889272869474,-118.01975197735811
34.19959245026574,-118.14972120116592
34.07243781178788,-118.09053070584115
34.09412978984278,-118.14274355180022
34.07564903498469,-118.18308152977036
34.19590538586709,-118.02931674723021
34.034931677079,-118.18383420014476
34.06559760018162,-118.08232529190168
34.136069733203,-118.06105340197946
34.012641523667725,-118.18861245212055
34.12144987480231,-118.19813033852128
34.095529300575286,-118.03977844355349
34.05679999535242,-118.1313676693904
34.04768265618481,-118.02129906275421
34.102902548659756,-118.13018280077151
34.07358551610741,-118.16546264555517
34.09130397825253,-118.13689970930481
34.067495476352846,-118.08346662841252
34.1940987387192,-118.07661327191275
34.02668788634912,-118.07862448304468
34.01936079063567,-118.11794236359859
34.06867834575819,-118.1763134540145
34.1182053801741,-118.18581323145375
34.131835294370006,-118.01070592404146
34.07945134943361,-118.03632447892913
34.19985559878444,-118.02244486316566
34.07037859923861,-118.03866692815339
34.14428133359199,-118.06932156212183
34.12751653890616,-118.10130633652453
34.162610772649494,-118.12589224540183
34.195245132690765,-118.14642844382794
34.17795873128911,-118.17802230827716
34.15291239487154,-118.19781768744596
34.13964969556366,-118.13257129571143
34.06709963393518,-118.16907290373355
34.02953711564134,-118.15560776938494
34.01252720061196,-118.06150640784374
34.048380340840296,-118.17513845404699
34.086456296236264,-118.00855262758957
34.104399254726,-118.00007346875029
34.15461671081098,-118.05474652587769
34.19174818461132,-118.09241950592549
34.023464096076964,-118.12767257900013
34.02140082803876,-118.0203540533089
34.11793894460271,-118.13460202676697
34.149079614789464,-118.16036317341194
34.169630076069396,-118.03706258391587
34.18716641604336,-118.08302505096636
34.196685248452134,-118.10399699799066
34.079960338444906,-118.0903614036169
34.07606703670552,-118.1599659861777
34.029561735339456,-118.19210447962386
34.13698688773671,-118.15979063280164
34.13135239168817,-118.01559856357517
34.172412519170244,-118.16098711443183
34.01945159895753,-118.01331926644711
34.09955538156507,-118.04719407704832
34.116216385934415,-118.03061937936714
34.04831140800798,-118.03950382136922
34.033805081225836,-118.10566302541147
34.171916167283925,-118.13433797152217
34.01170698444711,-118.0940642564672
34.094124180783616,-118.19193912780585
34.02316680026018,-118.04805846400603
34.091411752266275,-118.15262804605096
34.19599246526847,-118.17403643570144
34.0847412706911,-118.11241322215095
34.17142498350091,-118.0912445003923
34.02346311283664,-118.11923688935585
34.05425041535237,-118.08576195403207
34.08075854813347,-118.11103877646468
34.07996242800187,-118.08338679042576
34.13427669573403,-118.08009394205882
34.0689436254751,-118.13906929362791
34.142753373682005,-118.01857024261359
34.12783737984508,-118.03330841454576
34.07983222905096,-118.17023969434301
34.086352025530864,-118.15421546936304
34.12290553996207,-118.05629074545888
34.01400843802893,-118.07545378653316
34.16448134767114,-118.1852053013257
34.13068423222273,-118.16361544503478
34.14526849288357,-118.12286925999592
34.10738460021648,-118.04429803576059
34.02209542219835,-118.00885039426305
34.08100712265939,-118.08625156936839
34.08107471656971,-118.1345254278515
34.06420859800865,-118.16569609810357
34.00599006498095,-118.17053780114846
34.1474508485193,-118.00655518025867
34.0219568916125,-118.04883140676738
34.12126162660902,-118.06781891769548
34.140643499293446,-118.03774644219187
34.12695726458674,-118.16059507567277
34.1918284503956,-118.15349315261699
34.020659631017026,-118.1033666080762
34.173433431821046,-118.19658529559918
34.005838046969785,-118.02881170821817
34.10698337098542,-118.17993034066554
34.080848723587856,-118.02329265083239
34.104836772078755,-118.03263634110283
34.073019975412,-118.13924384005013
34.038113382988016,-118.02191393840833
34.00382457948974,-118.11316901908374
34.103629962758234,-118.08404670729453
34.16855537253697,-118.1456947931082
34.07464319114896,-118.18013504776178
34.044572763603,-118.15397430293382
34.01610640069437,-118.16993797528424
34.01706218462374,-118.00658908970625
34.044279289258554,-118.06203909964884
34.02000281218431,-118.10308661733727
34.053007939672895,-118.08319066292596
34.01322989242339,-118.04625099059594
34.013120973441985,-118.06157481959201
34.17125523592456,-118.18908619407833
34.032424052141764,-118.05883617597428
34.11193648116469,-118.07078082203596
34.15469110888981,-118.00074195475
34.09128191306782,-118.16901552545558
34.03067377557187,-118.03096814068032
34.039919228424026,-118.04082885510275
34.08659684125624,-118.05105290341841
34.10564681783571,-118.17692441136897
34.06988805840971,-118.04129028224926
34.15629592004694,-118.15950527217359
34.150204329771285,-118.16160986806459
34.18544236147463,-118.18540411375729
34.005790509805394,-118.02311226272006
34.17913825824204,-118.04345579446756
34.078513757692434,-118.14857965841615
34.175674499076,-118.03920015085615
34.13815695523131,-118.05726590937469
34.19746975141479,-118.03334831602227
34.151856490343334,-118.03453933723101
34.07290892519936,-118.09631067092565
34.10021263456695,-118.02193661242259
34.075277831038875,-118.06433952369272
34.07298236720425,-118.08531878191978
34.05218089987621,-118.0049096233048
34.0991940590747,-118.0776666332949
34.13634798901388,-118.0188244872171
34.05546805426105,-118.09871570622924
34.104875962215445,-118.16514763771143
34.02347605883411,-118.16368443243636
34.03196905737084,-118.01608970310748
34.009361270942435,-118.12024555153491
34.19414628855413,-118.16691727639424
34.000772070302055,-118.04759450858693
34.03571599361153,-118.15238530228993
34.1225733506234,-118.17815286929002
34.01627391977066,-118.16122483028809
34.17637930061937,-118.0214602063031
34.14392403156846,-118.00181199990448
34.193277994287584,-118.03834482198437
34.101527109448156,-118.05409546818933
34.0600807366317,-118.1232365981232
34.10990011455905,-118.07685463504846
34.186163743459595,-118.1406814061323
34.10415228744837,-118.07061499210432
34.053441406372464,-118.03088508493092
34.17547975783483,-118.06253796869721
34.07438374970249,-118.17686484527783
34.0002766699998,-118.19170646884902
34.04953700449846,-118.04150254681348
34.06364670183542,-118.1576936774049
34.17175549364638,-118.05466974730797
34.09170063341329,-118.17742630868628
34.08891745756226,-118.03310912255925
34.06722045327998,-118.13319198373881
34.176135624609415,-118.01684225294264
34.18900535538808,-118.19477866479478
34.19837806583093,-118.1401266689281
34.0753482533922,-118.16836314788102
34.193229489125436,-118.11333386787261
34.158375913926186,-118.09536027278577
34.13513782952886,-118.12437647827888
34.04897789588402,-118.10574830233989
34.04329145218884,-118.09387687102904
34.03320956490425,-118.15189005029153
34.184551322045074,-118.03564019098785
34.058815332476634,-118.03423440963103
34.09061884908978,-118.08636853012995
34.098791566797445,-118.06414958320899
34.155634319090055,-118.0148249035826
34.168846992310606,-118.16889409848375
34.02781454022972,-118.15432056133888
34.085380872042215,-118.1087842999606
34.16857097756709,-118.19586490745287
34.16360666115117,-118.01452001330952
34.02048275169049,-118.15333386020558
34.03127666977359,-118.05327407832182
34.060839738319885,-118.07371978398872
34.01507181381667,-118.04385587704061
34.084932600568116,-118.15780757829238
34.021523541029914,-118.02884802040431
34.11364351873397,-118.16800333954706
34.049311387962234,-118.13231552964596
34.119286613069924,-118.01180464905383
34.02350512858073,-118.16219634632003
34.19517677368371,-118.1255511432326
34.18651224077147,-118.18099646391568
34.078359387712936,-118.14974446128173
34.04843571882522,-118.11222418548596
34.050079642570715,-118.16730943612384
34.09667870704048,-118.05561004766024
34.007998560380145,-118.10939001236892
34.12794102121503,-118.05872336396068
34.08166058166795,-118.1936408782181
34.07548131451778,-118.0452392601684
34.161872994297845,-118.0031476479341
34.14180709203666,-118.06517096840076
34.19086676307854,-118.10050187939396
34.07038724809914,-118.00567258684602
34.17950855292988,-118.11184966000678
34.15399343725002,-118.17485655499024
34.071484930318945,-118.14094643888333
34.12433308729065,-118.12459366459566
34.05771399153034,-118.19119235014165
34.17487998341497,-118.19165586676843
34.022485463442464,-118.16485329394065
34.042486872258806,-118.12154836947717
34.036606658415984,-118.09755291189954
34.08060520048086,-118.00266322264929
34.14904659200643,-118.12125238124531
34.10538148981044,-118.19781761507137
34.097535264707645,-118.16362021000481
34.0001091929794,-118.06812092877688
34.08508034507101,-118.03040940500888
34.01271075496723,-118.15681172289344
34.041650650424295,-118.14878756412635
34.186478787792105,-118.19340935839587
34.04307964086865,-118.17496847238787
34.171667527726854,-118.11113252505449
34.16057867431227,-118.02025684939295
34.03182924738845,-118.0967001316768
34.12114239145406,-118.06273901080446
34.023132374381,-118.10248169640496
34.1455776316739,-118.06034031492793
34.127492455474446,-118.17236459839512
34.16238771233821,-118.16886540279657
34.09587690987784,-118.06309303143341
34.182972617566676,-118.1199162692748
34.00986978935769,-118.08603617152781
34.058577713005405,-118.18181855140571
34.14301051949303,-118.03747218028526
34.0836218423496,-118.13954568035699
34.03459027085423,-118.19407506556745
34.02144214908571,-118.03505510391261
34.163467822292326,-118.04039328568484
34.09462859569313,-118.13874466773444
34.17645673438383,-118.15583078490498
34.14665782686335,-118.09810981095879
34.08194524112615,-118.12193729302943
34.07470220283114,-118.04253648176237
34.10312766933025,-118.09532284571347
34.17781199063795,-118.02241437617498
34.14745571594283,-118.06428438505513
34.0010305928538,-118.0569559410062
34.13883157027383,-118.08892507202049
34.18390148138117,-118.18602527244875
34.1420911519009,-118.03625353242957
34.0354011563135,-118.08027764932494
34.096703625485496,-118.12311944382193
34.028063203584686,-118.1893114172148
34.071799055667924,-118.02662963830716
34.187423408388106,-118.18357532339863
34.18466106151175,-118.01621075772681
34.05656737043522,-118.09614827943206
34.06792620883324,-118.0909179734461
34.12004257362626,-118.04192054577544
34.19263945905208,-118.06949193362317
34.02956026681308,-118.09083305366968
34.05138332873734,-118.17304229258212
34.17471136545816,-118.19101282907471
34.09837844634167,-118.10378513572743
34.17979221844541,-118.17401995805889
34.03710357950464,-118.12163431713536
34.10653371749427,-118.06981746839753
34.06525392652988,-118.03883884152269
34.0633085119785,-118.08262695435656
34.08937539278924,-118.10456485658477
34.086615489820254,-118.00888867765191
34.07146937593559,-118.02916823317418
34.182994154063124,-118.12003688479629
34.14634883708658,-118.04500031893544
34.145509398266306,-118.16746527521626
34.05798268991839,-118.06538844995484
34.11554188486337,-118.02096684145064
34.15583588666037,-118.01670611771107
34.15911807370865,-118.18742460410635
34.06890609215086,-118.02360406224838
34.15417455131373,-118.02818195283241
34.147178779361546,-118.17253321158655
34.02830129712438,-118.05085762605547
34.1731890937133,-118.13319028215089
34.08826429403609,-118.16334513740598
34.097282089777735,-118.12143612802603
34.0896738357796,-118.19149770868957
34.1135692002955,-118.14177657985218
34.12423384947341,-118.02255030198073
34.09963591315259,-118.11168200530918
34.17335770865182,-118.14363730521784
34.12554695123906,-118.16039144807469
34.080285589861106,-118.00526426705682
34.08333835138174,-118.14377578305428
34.162167723025796,-118.16513616420389
34.06963838854931,-118.14936676218707
34.04229095915648,-118.10246982913112
34.011876637601155,-118.09160419261777
34.17520536958412,-118.10988371665997
34.18370929023807,-118.14092873976533
34.02402403643269,-118.1845828581265
34.06689474829923,-118.12340704212822
34.03507441390305,-118.1775668612567
34.02317969376518,-118.14025136948915
34.17997334860001,-118.01366727548778
34.011375451829075,-118.10016563800032
34.1960971326938,-118.05729726966305
34.01929017213948,-118.05703498562652
34.17269412983872,-118.0711855102432
34.11330122139783,-118.0629465544001
34.073583497563575,-118.11572199602342
34.068468475325034,-118.1367203000707
34.15147282864754,-118.05374987741534
34.06291465900086,-118.02595252451367
34.13146378332343,-118.0117617441869
34.10346521670322,-118.11515056900612
34.09699312903162,-118.0372260332666
34.180232434129834,-118.00184959884474
34.11092901172405,-118.18555061586474
34.16537232060974,-118.10742808381664
34.1451147068203,-118.0184896360494
34.0077114492118,-118.1685842224255
34.154622010501086,-118.19664054765802
34.04337405001821,-118.08972013240354
34.18062992937032,-118.00849792164763
34.00858483812176,-118.02350918815121
34.066614406894864,-118.07633074932909
34.01994658944695,-118.17710452748977
34.09511782341697,-118.02960773585555
34.164004487173955,-118.16479801880054
34.05963747193261,-118.0029952520438
34.03018697946221,-118.09147773975717
34.06605340713938,-118.12887942819012
34.16277602838413,-118.01207589640512
34.02807679155987,-118.1229525501233
34.0454724898155,-118.18888082429392
34.01377039289868,-118.03205198402732
34.14114200879792,-118.14592227660707
34.07904664870727,-118.12181877958871
34.062167995428666,-118.03702327777584
34.14372527806823,-118.00124068294187
34.06719550846805,-118.00185689010118
34.14555425464289,-118.10641848183441
34.163039879062865,-118.18855588191224
34.043532568691546,-118.12885972549313
34.1947637393692,-118.14285996925875
34.032471589582535,-118.09877309738411
34.05816818133135,-118.11637778852692
34.03595905816671,-118.02527350506612
34.06910113127127,-118.17536412408013
34.096012177564155,-118.15215852573336
34.104435173800425,-118.19963979056892
34.170721208459256,-118.05954458951112
34.177889581763175,-118.04540355435921
34.04402077215618,-118.02503233159227
34.12457880643715,-118.19284195132322
34.022299211459746,-118.15617703692561
34.09179397203641,-118.03326492274392
34.06446670760933,-118.11053729422164
34.06330014909072,-118.08275364161345
34.096516848342425,-118.03029720156124
34.14596552710586,-118.032414597006
34.01383653175848,-118.19269399894904
34.17583466753749,-118.06099283659155
34.146962754926115,-118.18828785833679
34.03529987777781,-118.01512213461302
34.18783218181748,-118.09216060845864
34.10126244480468,-118.02592380970336
34.199961715623395,-118.00095747704823
34.03945189486015,-118.11075321474122
34.10698163967664,-118.02277882096227
34.058049608511986,-118.14440490618674
34.06083471147785,-118.13962327514137
34.118213076166796,-118.0352665814929
34.18434381337417,-118.1883484286531
34.161052771115834,-118.1442086816865
34.144788279700265,-118.05959405283139
34.11183475642034,-118.14184675279016
34.18445970073349,-118.14638605553631
34.098472281338175,-118.0684452662502
34.174766435666946,-118.07511771249229
34.16679632877533,-118.07182130153066
34.042767069360316,-118.12332368871041
34.154245092593186,-118.18008202930804
34.002434231388655,-118.03463864724571
34.06456590750962,-118.17503992196727
34.04591348893839,-118.00553063130107
34.10137259169746,-118.13206771919565
34.14737063233616,-118.08288777463794
34.019535273489545,-118.1582563104465
34.10298444038735,-118.14423962258618
34.18768240433888,-118.09602156142904
34.04572931019659,-118.12877280734452
34.135428228822285,-118.10035462613999
