34.29918430687435,-118.3022699973287
34.30976270078546,-118.31857605415624
34.34303787327448,-118.20201273913122
34.32055267521433,-118.29516523917145
34.30897663659938,-118.34175407818822
34.28473095986778,-118.20879508640482
34.32917882261333,-118.37590429660474
34.287517442252536,-118.30401628332714
34.37835460015641,-118.20613220966514
34.392732552100206,-118.24488272238418
34.276688303765155,-118.39073513928547
34.358345007616535,-118.31646394661041
34.30577898395058,-118.22149451355376
34.31360891221879,-118.25750890045612
34.38511932765853,-118.2913407251721
34.21420721163958,-118.20419001385355
34.21742585994031,-118.28232310272276
34.204043679488066,-118.29789172708695
34.366523969109586,-118.24873557505624
34.35563135018997,-118.3177278000584
34.374002429649366,-118.35064802391844
34.39572366844655,-118.24716684482114
34.359831712843345,-118.324099980056
34.29229587245059,-118.32792444859275
34.35610583525729,-118.38970806022577
34.22365488517379,-118.35565523345929
34.327984204265505,-118.369669053958
34.228670657481814,-118.29808398168726
34.38893378340992,-118.23706971739588
34.30436966435001,-118.39916305859194
34.28293238799811,-118.22587115220774
34.252911122420926,-118.29429146387086
34.354846737886845,-118.21361861984842
34.29123006644331,-118.38877017147017
34.31368678977373,-118.39298498816969
34.20375796008727,-118.3438778124008
34.32352709941517,-118.26999856872604
34.32241914454448,-118.25087648022352
34.32338679937495,-118.25306066490741
34.38874961570292,-118.22545880508402
34.336364059820696,-118.30516179061534
34.27190158011476,-118.2283634551403
34.28740639075987,-118.26334613331069
34.33952623918545,-118.32534129519182
34.21204509432586,-118.34550872191815
34.333353343089136,-118.20485454092442
34.33412757392363,-118.28602319687535
34.24207651221477,-118.33042491896843
34.22578525953097,-118.3706491952317
34.263085670184836,-118.29506495644242
34.27274215418853,-118.39384117434355
34.314039354083576,-118.25312650950829
34.28772030269246,-118.20270174132534
34.397674767611846,-118.29675057294035
34.220408962149605,-118.25122275900401
34.24177535121897,-118.36474353440464
34.232261903577005,-118.24655453443623
34.330621665093076,-118.26212584365827
34.25065832050796,-118.35824548620383
34.29326215457126,-118.34302865040507
34.248885118400324,-118.31161024733146
34.2317939167291,-118.34098961238456
34.222075028232865,-118.28372737271401
34.331265917893056,-118.20106200952294
34.227636590269725,-118.20227102570244
34.239316472336014,-118.30224435751474
34.2737450341322,-118.21665819594381
34.36419864596959,-118.21021509603385
34.21942025515862,-118.3931033278275
34.36758898149976,-118.37180052793161
34.21921968157879,-118.23040544544192
34.39529189300268,-118.20013284371804
34.29373024032954,-118.38833355907796
34.39535221763806,-118.25566505966403
34.32096910394901,-118.2371795205711
34.34785271587966,-118.33830162156632
34.20783755845087,-118.22178074776826
34.25656139251528,-118.25292991960056
34.22403931224264,-118.39501893604242
34.25922803950443,-118.3278925548948
34.22374554379085,-118.30413555829651
34.2635966358788,-118.27958372296699
34.282852598902934,-118.35490019097685
34.21282949926976,-118.22819149530474
34.338494423874,-118.3934675604074
34.31332029084132,-118.37222460161317
34.25307789818789,-118.32353139651386
34.30464961069334,-118.20858123808051
34.21878810215169,-118.34017112988955
34.31518929911124,-118.38265686817711
34.38585923951524,-118.30491541349573
34.263713790490264,-118.27084496436545
34.333482075992734,-118.2240554689959
34.22635957248088,-118.35098022082752
34.343265440823714,-118.37700437024236
34.25788121858944,-118.22005034881518
34.23663827240143,-118.35179691095047
34.317302586962015,-118.20341209725183
34.2040215092375,-118.39341098361545
34.36578800584347,-118.32301160412702
34.20093909523851,-118.31048781179832
34.335563307359244,-118.25918996671778
34.25400159463843,-118.38585833431397
34.34703880442452,-118.25318112546736
34.39243770902349,-118.36562932264334
34.24975062870399,-118.39702173586743
34.31523146688357,-118.35667932910296
34.31840838625437,-118.30379798407729
34.314450381158174,-118.21321485277034
34.244616326528124,-118.29448275783422
34.3905498023034,-118.28765118939434
34.28942507572353,-118.2405592082374
34.36928173449422,-118.28471752734286
34.3398958550635,-118.27155157681607
34.25948739017103,-118.23273685223033
34.36275956394049,-118.2882748286665
34.279301148169395,-118.2525599912649
34.37622063942223,-118.30441248413646
34.31625457452717,-118.20703201194324
34.37634707237097,-118.38124628395747
34.338506318015554,-118.36327286110398
34.345050855963926,-118.3105162665021
34.30026487638534,-118.37036171655146
34.39121672694464,-118.39247901476216
34.32879803984593,-118.22210445881053
34.28477100971164,-118.32616636168197
34.32127864282558,-118.39959880018714
34.20383863966187,-118.3975778338667
34.26031496333491,-118.32066459845815
34.332034707498536,-118.22560417409017
34.25801552144209,-118.31663856619811
34.32360308579977,-118.20041292711488
34.28575374018916,-118.23978226693337
34.22709481284449,-118.391224631912
34.259656465191206,-118.26608811452057
34.313992982140256,-118.32767802115539
34.31817455224964,-118.25617189892645
34.314865049769914,-118.38956437742232
34.330640163971424,-118.3457117459899
34.330420654000335,-118.2659302315163
34.286283687086794,-118.35835228423608
34.37930931917021,-118.22163310489528
34.27351237400958,-118.2784637880131
34.287172985053125,-118.24424362554632
34.37838467100313,-118.33674528945521
34.361238797809214,-118.22048925635438
34.340777716708075,-118.27940516645654
34.22004537746246,-118.25532994604184
34.383896522748934,-118.30126858386477
34.34284825990982,-118.26997953610078
34.39976940131357,-118.3412821155334
34.2298896609316,-118.2049154048614
34.373625211473644,-118.32679738426118
34.23249858693528,-118.24611425793877
34.32311191285677,-118.25374180575137
34.22476399656989,-118.3600511207167
34.36960164586445,-118.39111367879609
34.361463791745,-118.26331004200541
34.31382014772292,-118.36536105407382
34.2814366594452,-118.22079816759425
34.21383339909103,-118.32679633060148
34.33948575462891,-118.35020645990699
34.29070853653562,-118.2311955856069
34.34441111989407,-118.28520047753392
34.373276465185725,-118.3785414328498
34.39510430100058,-118.22071569268968
34.371160668478524,-118.20361927164029
34.202342816837,-118.3181170758096
34.27199561289567,-118.28710630810619
34.345998112484814,-118.35973784977679
34.23432593545229,-118.38469110764083
34.304207321240824,-118.25983072890877
34.21086759766785,-118.27768082343383
34.239999304979285,-118.29725441726586
34.203704358892125,-118.31763029208706
34.358739540671486,-118.39677076593632
34.24478493761208,-118.33946605016601
34.26907033613938,-118.27790970146911
34.38561625869312,-118.25275353729009
34.340882880384704,-118.38892514368443
34.20636778590627,-118.2271096866217
34.232938831299585,-118.34405317050096
34.324295680299954,-118.3850790050585
34.315445717720834,-118.3329331173069
34.2475785642749,-118.28461088803323
34.386842799584954,-118.2397981879851
34.32279319119318,-118.27349506445039
34.30712656060499,-118.34137436188404
34.31798199527091,-118.32990684483507
34.34602440590336,-118.38559523331968
34.26238899909592,-118.37337218273188
34.279644212443216,-118.36323015045328
34.24196874979503,-118.38229017507015
34.23723860117607,-118.25526743054742
34.38887447799679,-118.27390470802793
34.34791015900986,-118.27597878075721
34.29809176172351,-118.31209011774196
34.245482925594665,-118.33364364590855
34.25087129635408,-118.25734333660809
34.21160583206478,-118.20389249346186
34.286883325111624,-118.27984447673158
34.262359176398824,-118.26170559191088
34.33926869776309,-118.38843694380361
34.2755503678585,-118.37765300810881
34.23592073551193,-118.37206213566868
34.20493574567827,-118.33059995218905
34.213449926292654,-118.26885783293979
34.33587855469971,-118.30976985347986
34.29073936891121,-118.36304500814327
34.30731584222175,-118.21972207374456
34.37933425860807,-118.36021497605107
34.39806778947934,-118.20823595826563
34.243379396879696,-118.36328420624288
34.33261564062002,-118.36151276083199
34.25266447534743,-118.21020146176575
34.20413019989315,-118.32543214229237
34.35167573076723,-118.30049061486258
34.26400343016449,-118.23396390063435
34.27669277883438,-118.22967578753548
34.31766342271072,-118.35465182521341
34.36620969104724,-118.31353854976737
34.32579636871823,-118.3965998269833
34.37453013108948,-118.39644955545768
34.254708406963125,-118.39853339869286
34.359609366782514,-118.22372310367315
34.237127188861194,-118.3876512273928
34.39055833139439,-118.24891392180412
34.337497655277566,-118.29164245195173
34.24310153542272,-118.35148131116435
34.38947411809778,-118.24072418641545
34.34617116135403,-118.31326232111087
34.25078832851901,-118.2371633496452
34.242662395473495,-118.22094722133626
34.303640142786136,-118.22331172248592
34.20513254361091,-118.27152780696964
34.24149401508822,-118.20093096736744
34.2849370937503,-118.28497078424034
34.274833996066846,-118.33283942101623
34.29271508487296,-118.2803376370008
34.25552574125895,-118.21715892010397
34.317356869291636,-118.21253777240473
34.37277112118465,-118.25562330255298
34.22350637119241,-118.23386253810872
34.30347582143082,-118.3930189946436
34.22641362126903,-118.23024604499481
34.34337193623852,-118.361092487481
34.27921194056146,-118.31722158834823
34.3130842623717,-118.31385738399686
34.23665596724282,-118.30241614318476
34.22896955186868,-118.3943526152228
34.29761125612979,-118.27276895501834
34.271122547569995,-118.35758315019078
34.388086389050564,-118.31105882149339
34.353065050761394,-118.27912673352515
34.34973272397011,-118.39109318666117
34.380743947949185,-118.31966319387294
34.21668448708841,-118.22378338842921
34.310438493984485,-118.28350784019938
34.316895213791156,-118.35631634553633
34.392387275709446,-118.33874940464784
34.258429505358514,-118.38326806596731
34.24816575598309,-118.2518754768283
34.2200587884531,-118.35163874327077
34.203285925918294,-118.2919750414789
34.38590586335844,-118.31472194939337
34.333983309318185,-118.39100933620126
34.357030582404626,-118.39585726399784
34.25634602115079,-118.37231819278512
34.31728203323726,-118.27181941754607
34.2127910532242,-118.37754016714547
34.29712551918693,-118.3277218355283
34.39549902794889,-118.28599935609415
34.37530104906332,-118.2071485365001
34.26763179036737,-118.35402562483831
34.392314030908295,-118.30042111614483
34.24634032529424,-118.35723769989302
34.38986376448314,-118.34960455986865
34.3882755409413,-118.35871347360967
34.35984051747048,-118.26013023173935
34.32608958737336,-118.36015971981354
34.37485759332499,-118.30976926569323
34.25860405690156,-118.29466524008983
34.36978871106258,-118.33502518276416
34.323575338383506,-118.20427173658767
34.202647371551784,-118.22046336317752
34.269446703586446,-118.25843547303351
34.229628172189635,-118.39659802199158
34.396365877963646,-118.22794915577299
34.295674061408,-118.26611926015184
34.29947827309973,-118.21021061293838
34.327894503279744,-118.26625377605855
34.273716921225926,-118.26406525730216
34.227380054337125,-118.38936143418891
34.36442354663885,-118.36903081739915
34.23796958238055,-118.27655284384856
34.302263796509294,-118.20495381160785
34.24486340579495,-118.36620622279908
34.21956889689881,-118.33210723542891
34.37243830348434,-118.23047289673026
34.39458389780462,-118.39921425420204
34.3921669316126,-118.22004668748482
34.38131109984423,-118.37342290831874
34.35480946653973,-118.25885323282594
34.26662903040573,-118.28707069326504
34.2162202779976,-118.35909130535526
34.28144823428276,-118.33550167119881
34.24644682843419,-118.38757287488882
34.2264975269516,-118.32422806509209
34.210685436357366,-118.21956203229581
34.345118872842114,-118.3768720726484
34.20228549172501,-118.35383110499772
34.35411614970055,-118.34237409017867
34.22938932908008,-118.21074670947075
34.215904416517354,-118.27924454893235
34.21792060684773,-118.23348716389191
34.334409561470785,-118.36438078168158
34.24907344197057,-118.34010572456357
34.28410789333602,-118.37661551946383
34.31147375826478,-118.39331502138484
34.372110234765756,-118.35494952283851
34.34540885254226,-118.39884661664416
34.25406558104775,-118.32295397722886
34.22629655985823,-118.20742592077829
34.21107486408424,-118.20285030303006
34.26031972689619,-118.26842077504077
34.25242362984794,-118.36469434381351
34.2912281133601,-118.37322694126495
34.33665626710954,-118.39216250576455
34.33912508912777,-118.21302429370976
34.25670376931644,-118.20891422219754
34.27598539118002,-118.38265671927341
34.236230192347385,-118.26100933967258
34.3577091024613,-118.31159748012193
34.21136961528665,-118.39648897660015
34.339399448345,-118.2800897069472
34.35573907918822,-118.33317427966197
34.35548151236975,-118.2801759127264
34.251884512869076,-118.35363893289257
34.27476262758651,-118.30554294511458
34.31751992703928,-118.24750462759728
34.254564380484894,-118.25426122025169
34.274170559843576,-118.25161184250769
34.23941085603713,-118.30646406565171
34.291971176751204,-118.34063780320314
34.208922460250825,-118.38985598000863
34.359959176914124,-118.3388174750166
34.21539128939733,-118.35623856879248
34.303767029766306,-118.23378522317292
34.26136201990904,-118.27481252500147
34.315508589766274,-118.28275604397166
34.391886668166684,-118.3372760460001
34.3291140488912,-118.25917839527538
34.2070724871511,-118.26065838428394
34.286080487901614,-118.27117783092818
34.30200337046365,-118.36206041630865
34.30723549894069,-118.31551801800867
34.33627850212077,-118.21505545596655
34.25551921954636,-118.2156492199381
34.225772113093264,-118.2742573888565
34.27853513530942,-118.35331821012123
34.39128114455919,-118.33773668529574
34.23742617835017,-118.34159647093024
34.38079679098565,-118.35344201321082
34.30876119001547,-118.25743054257727
34.29138228432915,-118.30965125638842
34.37640828204598,-118.30867052806336
34.291720792353715,-118.347926500236
34.34483352732231,-118.39137411382113
34.27980506434062,-118.2555979889591
34.38080887858019,-118.35865633455141
34.338005004038244,-118.33199410970465
34.3399244108501,-118.3160475741727
34.26554408031142,-118.35497595586949
34.351355728547375,-118.38880649328563
34.32721221108943,-118.20733828357389
34.248004054675945,-118.22948002050265
34.23210776449705,-118.35125744630022
34.35927829490347,-118.21675827058202
34.39183332060704,-118.30322474014822
34.29162776545201,-118.24397215532832
34.31819683306474,-118.25485914076856
34.37154452883871,-118.34036809658889
34.29144469067077,-118.20603855465374
34.39037489536655,-118.37466388558039
34.315150232408975,-118.28889579107046
34.36415342414026,-118.30047865878143
34.38176874368255,-118.30800959273874
34.36310476375371,-118.3291088589159
34.2318828926898,-118.26897131732456
34.32577968781234,-118.2202214981127
34.27968685172394,-118.26367578733324
34.212542590404674,-118.23362842360457
34.28480645037797,-118.3112266358901
34.25173681337788,-118.26360572619208
34.3698076616857,-118.39161343559869
34.20666092530934,-118.39314685559606
34.391796544372696,-118.32402517611365
34.27107376969439,-118.32349945353346
34.27134137808051,-118.39707571291342
34.20326570053675,-118.37745663024704
34.237046465047236,-118.35301398983164
34.28025190016072,-118.26271812234855
34.38585828346054,-118.27310780562362
34.21992298604426,-118.24025335315217
34.38906030669582,-118.29742962538347
34.373897706109325,-118.39807370442792
34.290832479381514,-118.38243019060232
34.265340176353654,-118.22366988680389
34.24654882585581,-118.2050380578581
34.32289294129537,-118.37972753368166
34.2066149182951,-118.30743402558974
34.20312121288937,-118.24003797764169
34.28575914449965,-118.33473065391694
34.213614814794944,-118.32884463558597
34.25038819764922,-118.2244171213673
34.244232183069215,-118.25192004669952
34.25063823874457,-118.21201559286266
34.22621104624305,-118.24197209477403
34.20240724457953,-118.22646113497062
34.22309685942775,-118.23864725849491
34.32369605190255,-118.33709342918263
34.39485124256361,-118.20989994885221
34.39806900031218,-118.22037092304964
34.281810819074614,-118.22683472761567
34.232590885209326,-118.26330822419163
34.32775235147331,-118.2597500621704
34.298061069309746,-118.25101275706334
34.39788195545688,-118.35010733068648
34.213060841430355,-118.39960455755163
34.35664688766276,-118.30679558472576
34.2576796994663,-118.38884054358279
34.248283724015316,-118.27932202242522
34.332500914306536,-118.22133648936054
34.249212636998195,-118.28175476589396
34.33317182351184,-118.25922555468294
34.30346170344046,-118.29868139245784
34.28481779768717,-118.33140873538329
34.31093756173228,-118.29221004383048
34.257410303983924,-118.38703210241557
34.341314941254595,-118.37695296445987
34.282971373866715,-118.34039551903325
34.272109112097176,-118.29793698247292
34.36573138291115,-118.2263374563629
34.38499338239064,-118.27940273335552
34.20920146217746,-118.34088030788024
34.24652539856596,-118.25697710411075
34.269703873898514,-118.22079761550869
34.36299329587405,-118.38157969150213
34.397098285528656,-118.34181016196311
34.39379434093407,-118.32305528532703
34.38098966910999,-118.3584997811218
34.25931125301281,-118.3671292075167
34.39840224868289,-118.2966917996342
34.24988400821129,-118.3762376502819
34.22118123097645,-118.38328380214023
34.39019052221108,-118.25431021908496
34.246684051093624,-118.32150907195816
34.33795365301555,-118.3053168057641
34.21167127179612,-118.30758915583039
34.3461418198255,-118.38753261879292
34.37634404246677,-118.26103774053861
34.25448737909319,-118.39668679564691
34.27581137921549,-118.38042624296085
34.274859236664184,-118.29174457772271
34.34975765150803,-118.36349065272364
34.24756144850781,-118.35380939886403
34.23437061980953,-118.3355789939237
34.28985832973755,-118.26396677787663
34.260893681475466,-118.23929019836419
34.367837824451726,-118.33430553935315
34.24754836520313,-118.36859465928022
34.300477891497856,-118.20325055773547
34.38851671993959,-118.32856067506171
34.32679953954893,-118.28857460492445
34.37345788109249,-118.3796175510254
34.38804193787095,-118.26429458617085
34.35015297237727,-118.29483696245273
34.33991501204495,-118.30295342080704
34.39359311332085,-118.22808790427422
34.39888015792953,-118.34257846053978
34.290364336533955,-118.3660952690242
34.214173955636845,-118.21158185537925
34.25855880628811,-118.25827776410739
34.23047094113755,-118.20760893630701
34.2834972749592,-118.39130882093765
34.226257865694656,-118.33343376414076
34.32082356080418,-118.39284008389096
34.276561611831575,-118.30629885566627
34.37907717685764,-118.36041370477913
34.393558934359696,-118.27488279677596
34.30937698033389,-118.27076380651454
34.25496471397352,-118.27565356342103
34.31844608375237,-118.3315724267453
34.37935223164488,-118.27189063020434
34.28134666916715,-118.38007349032085
34.310415655338396,-118.39665497301003
34.25433055352123,-118.20608530306741
34.29108882989001,-118.2387246580805
34.280342707075924,-118.22244999851748
34.249682693016595,-118.2084728094183
34.30117327676506,-118.24554819866947
34.262076165195964,-118.28935866407382
34.27460697277615,-118.36739807305774
34.304994088450854,-118.244364806102
34.3501190045858,-118.29878905113245
34.26670149315826,-118.38592374788935
34.38483175332415,-118.33344294135733
34.37246370936718,-118.3596158039512
34.20973805919511,-118.3101987940371
34.25072850485137,-118.39609329176812
34.28922710253184,-118.3177324309363
34.220925577748496,-118.20910214279252
34.2696951978067,-118.23959655998796
34.34801950512354,-118.28095472579143
34.33610289622857,-118.32025543451476
34.3244768857132,-118.3543861734818
34.34210568054447,-118.28261722518079
34.24098473739194,-118.34201166100314
34.268339622972945,-118.35797390062183
34.33524849645549,-118.26345203945
34.37584695260627,-118.39585404800717
34.308735610765616,-118.32993129904717
34.256539930189106,-118.37619961215724
34.206047051601196,-118.31118753776173
34.34206736579484,-118.34832062143047
34.20157682070169,-118.35410881232328
34.2745358139642,-118.38164967584692
34.306107442912555,-118.23006995137428
34.384422292353435,-118.31165668483385
34.217898909006585,-118.28567570262118
34.28118846439366,-118.38463180423476
34.204862639942036,-118.22101893884981
34.26852219686832,-118.39651477773619
34.324446211767956,-118.37509026481867
34.25581358964572,-118.21476525631286
34.24194998993113,-118.2981932771081
34.22314064666542,-118.34351190004251
34.315428048804065,-118.34763030913821
34.33905400118094,-118.3812988250476
34.33439142811916,-118.35997308711647
34.3897722041441,-118.26218607606882
34.200540642778705,-118.2996869571725
34.329439330778804,-118.34035715258717
34.320078447419526,-118.22768736827287
34.317747921994055,-118.23879815952004
34.39255406396805,-118.29620848962197
34.20337433467401,-118.2596491597411
34.33929648614029,-118.37251184995682
34.362735729940376,-118.31725546430413
34.301961439324316,-118.26973303954368
34.266792973919365,-118.36976660512089
34.35816803264548,-118.36097568971086
34.219448585126486,-118.39967097541987
34.28840712754599,-118.36946153766675
34.303990474914166,-118.28289130696113
34.33879128218691,-118.225499776354
34.21817714640648,-118.3681281816401
34.245551900307575,-118.21195158359208
34.28206031253803,-118.27005424146897
34.324658934604024,-118.38394759615426
34.37739215624348,-118.39215329468902
34.323765233648274,-118.32811291870425
34.22669229418699,-118.33772966339674
34.39611602655746,-118.20849089774511
34.3743571469511,-118.30289606821792
34.300544152229065,-118.30937363576128
34.384469596359324,-118.26802014922482
34.308276158751426,-118.21371936695078
34.38466121357783,-118.24578151994488
34.36597947372067,-118.27159678737225
34.39365728205886,-118.28702839730327
34.38395656215563,-118.31818534510671
34.207206763485715,-118.34447830373965
34.23495440083219,-118.26352637465479
34.27782693542024,-118.2657907519838
34.39042853945908,-118.20393832854474
34.26000578389519,-118.20817497201881
34.232093528777526,-118.25156433886171
34.37726093321731,-118.348048999535
34.28927888309664,-118.32566276607479
34.38157511887086,-118.35395780413558
34.23204609326403,-118.35378388724297
34.33222350230162,-118.37131349353386
34.288052750565896,-118.34406385319738
34.21529735380606,-118.39580218380017
34.3392926289305,-118.37976504386037
34.249479751107835,-118.31734343324464
34.207923104515906,-118.31763153409824
34.211988859649914,-118.20685340807044
34.21221570741336,-118.39970531554168
34.381546591497006,-118.22631519947323
34.34797678356582,-118.34806943932632
34.37961247144275,-118.36420303902487
34.3345164622593,-118.27461090586104
34.30578798580618,-118.23937041093306
34.26088927286948,-118.21975197735811
34.399592450265736,-118.34972120116592
34.27243781178788,-118.29053070584115
34.294129789842785,-118.34274355180023
34.275649034984696,-118.38308152977037
34.39590538586709,-118.22931674723021
34.234931677079004,-118.38383420014476
34.265597600181614,-118.28232529190169
34.336069733203,-118.26105340197947
34.21264152366773,-118.38861245212055
34.32144987480231,-118.39813033852128
34.29552930057528,-118.23977844355349
34.256799995352424,-118.3313676693904
34.247682656184814,-118.22129906275421
34.30290254865975,-118.33018280077151
34.27358551610741,-118.36546264555517
34.29130397825253,-118.33689970930482
34.26749547635285,-118.28346662841253
34.394098738719194,-118.27661327191275
34.226687886349126,-118.27862448304468
34.219360790635676,-118.31794236359859
34.26867834575818,-118.37631345401451
34.3182053801741,-118.38581323145375
34.33183529437001,-118.21070592404146
34.27945134943361,-118.23632447892913
34.399855598784434,-118.22244486316566
34.27037859923861,-118.23866692815339
34.344281333591994,-118.26932156212183
34.32751653890616,-118.30130633652453
34.36261077264949,-118.32589224540183
34.39524513269076,-118.34642844382795
34.377958731289105,-118.37802230827717
34.35291239487154,-118.39781768744596
34.33964969556366,-118.33257129571143
34.26709963393518,-118.36907290373355
34.22953711564134,-118.35560776938495
34.212527200611966,-118.26150640784374
34.2483803408403,-118.37513845404699
34.28645629623626,-118.20855262758957
34.304399254726,-118.20007346875029
34.35461671081097,-118.25474652587769
34.391748184611316,-118.2924195059255
34.22346409607697,-118.32767257900014
34.22140082803876,-118.22035405330891
34.31793894460271,-118.33460202676697
34.34907961478946,-118.36036317341194
34.3696300760694,-118.23706258391587
34.38716641604336,-118.28302505096636
34.39668524845213,-118.30399699799067
34.27996033844491,-118.2903614036169
34.27606703670551,-118.3599659861777
34.22956173533946,-118.39210447962387
34.336986887736714,-118.35979063280165
34.33135239168817,-118.21559856357517
34.37241251917024,-118.36098711443184
34.219451598957534,-118.21331926644712
34.29955538156507,-118.24719407704832
34.31621638593441,-118.23061937936714
34.248311408007986,-118.23950382136923
34.23380508122583,-118.30566302541148
34.37191616728392,-118.33433797152217
34.21170698444711,-118.29406425646721
34.29412418078361,-118.39193912780586
34.22316680026018,-118.24805846400604
34.29141175226628,-118.35262804605097
34.39599246526846,-118.37403643570144
34.28474127069109,-118.31241322215095
34.371424983500916,-118.29124450039231
34.22346311283664,-118.31923688935585
34.254250415352374,-118.28576195403207
34.28075854813347,-118.31103877646468
34.279962428001866,-118.28338679042577
34.33427669573403,-118.28009394205883
34.2689436254751,-118.33906929362792
34.342753373682,-118.2185702426136
34.32783737984508,-118.23330841454576
34.27983222905095,-118.37023969434301
34.28635202553087,-118.35421546936304
34.322905539962065,-118.25629074545888
34.214008438028934,-118.27545378653316
34.36448134767114,-118.3852053013257
34.33068423222273,-118.36361544503478
34.34526849288357,-118.32286925999593
34.30738460021648,-118.2442980357606
34.22209542219835,-118.20885039426305
34.28100712265939,-118.28625156936839
34.28107471656971,-118.3345254278515
34.26420859800864,-118.36569609810357
34.20599006498095,-118.37053780114846
34.347450848519294,-118.20655518025868
34.2219568916125,-118.24883140676738
34.321261626609015,-118.26781891769548
34.34064349929344,-118.23774644219188
34.32695726458674,-118.36059507567278
34.39182845039559,-118.35349315261699
34.22065963101703,-118.3033666080762
34.37343343182104,-118.39658529559918
34.20583804696979,-118.22881170821817
34.30698337098542,-118.37993034066554
34.28084872358785,-118.22329265083239
34.30483677207875,-118.23263634110283
34.273019975412005,-118.33924384005013
34.23811338298802,-118.22191393840833
34.20382457948974,-118.31316901908374
34.30362996275824,-118.28404670729454
34.36855537253697,-118.34569479310821
34.27464319114896,-118.38013504776178
34.244572763602996,-118.35397430293382
34.21610640069437,-118.36993797528424
34.21706218462374,-118.20658908970626
34.24427928925856,-118.26203909964885
34.22000281218431,-118.30308661733727
34.2530079396729,-118.28319066292596
34.21322989242339,-118.24625099059594
34.21312097344199,-118.26157481959201
34.37125523592456,-118.38908619407833
34.232424052141766,-118.25883617597428
34.31193648116469,-118.27078082203596
34.3546911088898,-118.20074195475
34.29128191306781,-118.36901552545558
34.23067377557187,-118.23096814068032
34.23991922842402,-118.24082885510275
34.286596841256234,-118.25105290341841
34.30564681783571,-118.37692441136898
34.269888058409705,-118.24129028224927
34.35629592004693,-118.35950527217359
34.35020432977128,-118.36160986806459
34.385442361474624,-118.38540411375729
34.2057905098054,-118.22311226272006
34.37913825824204,-118.24345579446756
34.27851375769243,-118.34857965841616
34.375674499076,-118.23920015085615
34.338156955231305,-118.2572659093747
34.39746975141479,-118.23334831602227
34.35185649034333,-118.23453933723101
34.27290892519936,-118.29631067092565
34.300212634566954,-118.2219366124226
34.27527783103887,-118.26433952369273
34.27298236720425,-118.28531878191978
34.252180899876215,-118.2049096233048
34.29919405907469,-118.2776666332949
34.33634798901387,-118.2188244872171
34.25546805426105,-118.29871570622925
34.30487596221545,-118.36514763771143
34.223476058834116,-118.36368443243636
34.23196905737084,-118.21608970310749
34.20936127094244,-118.32024555153491
34.394146288554126,-118.36691727639425
34.20077207030206,-118.24759450858693
34.235715993611535,-118.35238530228993
34.3225733506234,-118.37815286929002
34.216273919770664,-118.3612248302881
34.37637930061936,-118.2214602063031
34.343924031568456,-118.20181199990448
34.39327799428758,-118.23834482198437
34.30152710944815,-118.25409546818933
34.2600807366317,-118.3232365981232
34.309900114559056,-118.27685463504847
34.38616374345959,-118.3406814061323
34.304152287448375,-118.27061499210433
34.25344140637247,-118.23088508493092
34.375479757834825,-118.26253796869722
34.274383749702494,-118.37686484527784
34.2002766699998,-118.39170646884902
34.249537004498464,-118.24150254681348
34.26364670183541,-118.3576936774049
34.37175549364638,-118.25466974730797
34.29170063341329,-118.37742630868628
34.28891745756226,-118.23310912255926
34.267220453279975,-118.33319198373881
34.37613562460942,-118.21684225294264
34.38900535538808,-118.39477866479479
34.398378065830926,-118.34012666892811
34.275348253392195,-118.36836314788103
34.39322948912543,-118.31333386787261
34.35837591392618,-118.29536027278577
34.335137829528854,-118.32437647827888
34.248977895884025,-118.3057483023399
34.24329145218884,-118.29387687102904
34.23320956490425,-118.35189005029153
34.38455132204507,-118.23564019098785
34.25881533247664,-118.23423440963103
34.290618849089775,-118.28636853012995
34.29879156679745,-118.26414958320899
34.35563431909005,-118.21482490358261
34.3688469923106,-118.36889409848375
34.22781454022972,-118.35432056133888
34.28538087204222,-118.3087842999606
34.36857097756709,-118.39586490745288
34.36360666115117,-118.21452001330952
34.22048275169048,-118.35333386020558
34.23127666977359,-118.25327407832182
34.26083973831988,-118.27371978398872
34.21507181381667,-118.24385587704062
34.28493260056812,-118.35780757829238
34.22152354102992,-118.22884802040431
34.31364351873397,-118.36800333954706
34.24931138796223,-118.33231552964597
34.31928661306993,-118.21180464905383
34.22350512858073,-118.36219634632003
34.39517677368371,-118.3255511432326
34.38651224077147,-118.38099646391568
34.27835938771293,-118.34974446128173
34.24843571882522,-118.31222418548596
34.25007964257072,-118.36730943612385
34.29667870704048,-118.25561004766024
34.20799856038015,-118.30939001236892
34.327941021215025,-118.25872336396068
34.28166058166795,-118.39364087821811
34.275481314517776,-118.2452392601684
34.36187299429784,-118.2031476479341
34.34180709203666,-118.26517096840077
34.390866763078535,-118.30050187939396
34.27038724809914,-118.20567258684602
34.37950855292988,-118.31184966000679
34.35399343725002,-118.37485655499025
34.27148493031894,-118.34094643888334
34.324333087290654,-118.32459366459567
34.25771399153034,-118.39119235014165
34.37487998341497,-118.39165586676843
34.22248546344247,-118.36485329394066
34.24248687225881,-118.32154836947717
34.23660665841599,-118.29755291189954
34.280605200480856,-118.20266322264929
34.349046592006424,-118.32125238124532
34.305381489810436,-118.39781761507138
34.29753526470764,-118.36362021000481
34.200109192979404,-118.26812092877688
34.28508034507101,-118.23040940500888
34.21271075496723,-118.35681172289344
34.2416506504243,-118.34878756412635
34.3864787877921,-118.39340935839587
34.24307964086865,-118.37496847238788
34.37166752772685,-118.31113252505449
34.360578674312265,-118.22025684939295
34.231829247388454,-118.2967001316768
34.32114239145405,-118.26273901080447
34.223132374381,-118.30248169640497
34.345577631673905,-118.26034031492793
34.32749245547444,-118.37236459839512
34.362387712338204,-118.36886540279657
34.29587690987784,-118.26309303143341
34.38297261756667,-118.3199162692748
34.20986978935769,-118.28603617152781
34.2585777130054,-118.38181855140571
34.343010519493035,-118.23747218028527
34.2836218423496,-118.33954568035699
34.234590270854234,-118.39407506556745
34.22144214908571,-118.23505510391261
34.36346782229232,-118.24039328568485
34.294628595693126,-118.33874466773445
34.37645673438382,-118.35583078490498
34.34665782686334,-118.29810981095879
34.28194524112615,-118.32193729302944
34.274702202831136,-118.24253648176237
34.30312766933025,-118.29532284571347
34.377811990637944,-118.22241437617498
34.347455715942836,-118.26428438505513
34.201030592853805,-118.2569559410062
34.338831570273825,-118.28892507202049
34.383901481381166,-118.38602527244875
34.342091151900895,-118.23625353242957
34.2354011563135,-118.28027764932494
34.29670362548549,-118.32311944382194
34.22806320358469,-118.3893114172148
34.27179905566793,-118.22662963830716
34.3874234083881,-118.38357532339863
34.38466106151174,-118.21621075772681
34.25656737043522,-118.29614827943206
34.26792620883324,-118.2909179734461
34.32004257362626,-118.24192054577544
34.39263945905208,-118.26949193362317
34.22956026681308,-118.29083305366969
34.25138332873733,-118.37304229258213
34.374711365458154,-118.39101282907471
34.29837844634167,-118.30378513572744
34.3797922184454,-118.3740199580589
34.237103579504634,-118.32163431713536
34.306533717494275,-118.26981746839753
34.26525392652987,-118.23883884152269
34.263308511978494,-118.28262695435656
34.28937539278924,-118.30456485658478
34.28661548982026,-118.20888867765191
34.271469375935595,-118.22916823317418
34.38299415406312,-118.3200368847963
34.34634883708658,-118.24500031893544
34.34550939826631,-118.36746527521626
34.25798268991839,-118.26538844995484
34.31554188486337,-118.22096684145065
34.355835886660365,-118.21670611771107
34.35911807370864,-118.38742460410636
34.268906092150864,-118.22360406224838
34.354174551313726,-118.22818195283241
34.34717877936155,-118.37253321158656
34.22830129712438,-118.25085762605548
34.37318909371329,-118.3331902821509
34.28826429403608,-118.36334513740599
34.29728208977773,-118.32143612802604
34.2896738357796,-118.39149770868957
34.313569200295504,-118.34177657985218
34.32423384947341,-118.22255030198073
34.29963591315259,-118.31168200530918
34.37335770865182,-118.34363730521784
34.325546951239055,-118.3603914480747
34.28028558986111,-118.20526426705682
34.283338351381744,-118.34377578305428
34.36216772302579,-118.36513616420389
34.2696383885493,-118.34936676218707
34.242290959156485,-118.30246982913113
34.21187663760116,-118.29160419261777
34.375205369584116,-118.30988371665997
34.383709290238066,-118.34092873976533
34.224024036432695,-118.3845828581265
34.26689474829922,-118.32340704212822
34.23507441390305,-118.3775668612567
34.223179693765175,-118.34025136948915
34.379973348600004,-118.21366727548778
34.21137545182907,-118.30016563800032
34.3960971326938,-118.25729726966306
34.21929017213948,-118.25703498562652
34.37269412983871,-118.2711855102432
34.313301221397836,-118.2629465544001
34.27358349756358,-118.31572199602343
34.26846847532503,-118.33672030007071
34.351472828647545,-118.25374987741534
34.262914659000856,-118.22595252451367
34.33146378332343,-118.2117617441869
34.303465216703216,-118.31515056900612
34.29699312903161,-118.23722603326661
34.38023243412983,-118.20184959884475
34.31092901172405,-118.38555061586474
34.36537232060974,-118.30742808381665
34.3451147068203,-118.2184896360494
34.2077114492118,-118.3685842224255
34.35462201050108,-118.39664054765802
34.24337405001821,-118.28972013240354
34.380629929370315,-118.20849792164763
34.208584838121766,-118.22350918815121
34.26661440689487,-118.27633074932909
34.219946589446955,-118.37710452748978
34.295117823416966,-118.22960773585555
34.36400448717395,-118.36479801880054
34.25963747193261,-118.2029952520438
34.23018697946221,-118.29147773975717
34.26605340713938,-118.32887942819012
34.362776028384125,-118.21207589640512
34.22807679155987,-118.3229525501233
34.245472489815505,-118.38888082429392
34.213770392898674,-118.23205198402732
34.341142008797924,-118.34592227660707
34.27904664870727,-118.32181877958871
34.26216799542866,-118.23702327777585
34.34372527806823,-118.20124068294187
34.26719550846805,-118.20185689010118
34.345554254642884,-118.30641848183441
34.36303987906286,-118.38855588191224
34.24353256869155,-118.32885972549313
34.394763739369196,-118.34285996925875
34.23247158958254,-118.29877309738411
34.25816818133135,-118.31637778852692
34.23595905816671,-118.22527350506613
34.26910113127127,-118.37536412408014
34.29601217756415,-118.35215852573336
34.30443517380042,-118.39963979056893
34.37072120845925,-118.25954458951112
34.37788958176317,-118.24540355435921
34.24402077215618,-118.22503233159227
34.32457880643715,-118.39284195132322
34.22229921145975,-118.35617703692562
34.291793972036416,-118.23326492274393
34.26446670760932,-118.31053729422165
34.263300149090725,-118.28275364161345
34.29651684834242,-118.23029720156124
34.345965527105854,-118.232414597006
34.21383653175848,-118.39269399894904
34.37583466753748,-118.26099283659156
34.34696275492611,-118.3882878583368
34.23529987777781,-118.21512213461303
34.38783218181747,-118.29216060845864
34.30126244480468,-118.22592380970336
34.39996171562339,-118.20095747704823
34.23945189486015,-118.31075321474123
34.30698163967664,-118.22277882096228
34.25804960851199,-118.34440490618674
34.26083471147785,-118.33962327514138
34.3182130761668,-118.23526658149291
34.384343813374166,-118.3883484286531
34.36105277111584,-118.3442086816865
34.34478827970027,-118.25959405283139
34.31183475642034,-118.34184675279016
34.38445970073349,-118.34638605553631
34.29847228133818,-118.2684452662502
34.37476643566694,-118.27511771249229
34.36679632877532,-118.27182130153066
34.24276706936032,-118.32332368871042
34.35424509259318,-118.38008202930804
34.20243423138866,-118.23463864724572
34.26456590750962,-118.37503992196727
34.24591348893839,-118.20553063130107
34.301372591697465,-118.33206771919565
34.34737063233616,-118.28288777463794
34.21953527348955,-118.3582563104465
34.302984440387355,-118.34423962258619
34.387682404338875,-118.29602156142904
34.245729310196594,-118.32877280734452
34.33542822882229,-118.30035462613999
